SourceToObject= 5.385200195312500e+02
ObjectToDetect= 4.082259521484375e+02
ViewNum= 100
ViewBegin= 0
ViewStp= 0.039269908
DetArcSize= 0.0628f
DetEleNum= 100
DetCntIdx= 50.5
ImageLength= 4.484740011196460e+02
ImageWidth= 4.484740011196460e+02
ImageLengthResolution= 100
ImageWidthResolution= 100
ImageBiasX= 0
ImageBiasY= 0
